6.353000E+01
1.855000E+02
1.009000E+02
6.389000E+01
1.008000E+02
7.136000E+01
5.600000E+01
4.826000E+01
4.574000E+01
1.144000E+02
9.522000E+01
6.922000E+01
5.705000E+01
5.173000E+01
4.986000E+01
5.001000E+01
5.017000E+01
5.048000E+01
5.096000E+01
5.171000E+01
5.416000E+02
4.159000E+02
2.766000E+02
1.822000E+02
1.117000E+02
7.862000E+01
8.290000E+01
8.316000E+01
6.964000E+01
6.415000E+01
6.241000E+01
6.247000E+01
6.316000E+01
6.432000E+01
6.488000E+01
6.538000E+01
6.918000E+01
6.719000E+01
6.778000E+01
6.735000E+01
6.722000E+01
6.754000E+01
6.800000E+01
1.553000E+02
2.812000E+02
1.891000E+02
1.196000E+02
8.823000E+01
1.927000E+02
1.316000E+02
9.541000E+01
8.512000E+02
3.635000E+02
1.671000E+02
1.057000E+02
8.493000E+01
7.805000E+01
7.556000E+01
7.503000E+01
1.077000E+02
9.888000E+01
8.702000E+01
8.090000E+01
7.834000E+01
2.325000E+02
2.437000E+02
3.280000E+02
1.773000E+02
1.144000E+02
9.072000E+01
8.378000E+01
8.099000E+01
7.985000E+01
8.138000E+01
8.076000E+01
7.970000E+01
7.896000E+01
7.854000E+01
7.844000E+01
7.827000E+01
7.746000E+01
7.733000E+01
1.909000E+02
1.504000E+02
1.096000E+02
8.901000E+01
7.990000E+01
7.625000E+01
7.428000E+01
7.344000E+01
7.481000E+01
9.428000E+01
8.850000E+01
7.709000E+01
8.594000E+01
1.852000E+02
5.438000E+02
3.567000E+02
1.711000E+02
1.975000E+02
1.187000E+02
9.217000E+01
1.041000E+02
1.164000E+02
1.084000E+02
8.420000E+01
7.850000E+01
7.356000E+01
7.042000E+01
6.966000E+01
1.472000E+02
5.414000E+02
2.304000E+02
1.238000E+02
8.886000E+01
1.246000E+02
1.065000E+02
8.827000E+01
7.886000E+01
7.479000E+01
7.327000E+01
7.276000E+01
7.234000E+01
7.255000E+01
1.366000E+03
4.255000E+03
1.548000E+03
5.438000E+02
1.088000E+03
4.918000E+02
2.133000E+02
1.257000E+02
9.311000E+01
8.287000E+02
3.950000E+02
1.976000E+02
1.188000E+02
9.138000E+01
3.463000E+02
2.150000E+02
1.327000E+02
1.476000E+03
5.735000E+02
2.427000E+02
1.373000E+02
1.014000E+02
8.919000E+01
2.251000E+02
2.322000E+02
1.505000E+02
1.096000E+02
5.408000E+02
2.781000E+02
1.439000E+02
1.024000E+02
8.886000E+01
8.363000E+01
8.228000E+01
8.125000E+01
8.820000E+02
4.217000E+02
2.391000E+02
2.262000E+02
1.744000E+02
1.002000E+03
1.677000E+03
2.012000E+03
8.810000E+02
3.228000E+02
1.638000E+02
2.454000E+02
2.836000E+03
1.326000E+03
1.075000E+03
9.868000E+02
1.115000E+03
4.860000E+02
3.830000E+02
3.205000E+02
1.730000E+02
1.284000E+02
1.156000E+02
1.118000E+02
1.114000E+02
1.122000E+02
1.137000E+02
1.154000E+02
1.169000E+02
1.179000E+02
1.195000E+02
1.204000E+02
1.209000E+02
1.217000E+02
1.223000E+02
1.240000E+02
1.245000E+02
1.237000E+02
1.305000E+02
1.280000E+02
1.248000E+02
1.233000E+02
1.222000E+02
1.721000E+02
1.995000E+02
1.537000E+02
1.420000E+02
2.667000E+02
2.365000E+02
1.799000E+02
1.399000E+02
1.331000E+02
1.231000E+02
1.160000E+02
1.117000E+02
1.096000E+02
1.943000E+02
2.250000E+02
1.569000E+02
1.942000E+02
1.358000E+02
1.136000E+02
1.058000E+02
1.012000E+02
9.933000E+01
9.716000E+01
9.556000E+01
9.446000E+01
9.314000E+01
9.143000E+01
9.035000E+01
1.203000E+02
1.032000E+02
9.144000E+01
8.811000E+01
9.456000E+01
9.272000E+01
8.690000E+01
1.386000E+02
1.313000E+02
1.003000E+02
8.570000E+01
7.550000E+01
6.908000E+01
6.749000E+01
1.910000E+03
8.919000E+02
3.124000E+02
1.456000E+02
8.904000E+01
6.779000E+01
5.864000E+01
7.781000E+01
8.297000E+01
4.581000E+02
2.408000E+02
1.158000E+02
7.225000E+01
6.361000E+01
5.597000E+01
5.211000E+01
7.341000E+01
6.429000E+01
4.483000E+02
2.160000E+02
1.429000E+02
9.615000E+01
7.114000E+01
3.397000E+02
1.691000E+02
9.442000E+01
6.797000E+01
5.926000E+01
5.595000E+01
5.442000E+01
5.400000E+01
5.376000E+01
5.356000E+01
5.380000E+01
5.374000E+01
5.383000E+01
5.394000E+01
5.363000E+01
5.324000E+01
5.291000E+01
5.240000E+01
5.418000E+01
5.252000E+01
5.152000E+01
4.962000E+01
4.864000E+01
4.668000E+01
4.562000E+01
4.477000E+01
4.412000E+01
4.877000E+01
4.912000E+01
4.474000E+01
4.236000E+01
4.093000E+01
3.966000E+01
3.790000E+01
3.673000E+01
3.494000E+01
3.401000E+01
3.254000E+01
3.101000E+01
2.920000E+01
2.816000E+01
2.807000E+01
2.652000E+01
2.447000E+01
2.284000E+01
2.155000E+01
2.077000E+01
1.986000E+01
1.909000E+01
1.842000E+01
1.798000E+01
1.762000E+01
1.763000E+01
1.759000E+01
1.707000E+01
1.666000E+01
1.624000E+01
1.569000E+01
1.574000E+01
1.491000E+01
1.428000E+01
1.348000E+01
1.278000E+01
1.259000E+01
1.266000E+01
1.260000E+01
1.250000E+01
1.218000E+01
1.169000E+01
1.086000E+01
1.030000E+01
1.013000E+01
9.076000E+00
8.983000E+00
8.682000E+00
8.536000E+00
8.755000E+00
9.073000E+00
9.023000E+00
8.892000E+00
9.477000E+00
3.064000E+02
1.496000E+02
6.830000E+01
3.458000E+01
2.043000E+01
1.337000E+01
1.027000E+01
8.086000E+00
7.180000E+00
6.678000E+00
9.230000E+00
8.085000E+00
7.256000E+00
6.527000E+00
5.961000E+00
5.462000E+00
4.978000E+00
4.780000E+00
4.858000E+00
5.027000E+00
6.640000E+00
6.477000E+00
6.084000E+00
5.692000E+00
5.294000E+00
5.079000E+00
4.985000E+00
5.106000E+00
5.029000E+00
4.892000E+00
4.513000E+00
4.414000E+00
3.991000E+00
3.905000E+00
3.774000E+00
3.694000E+00
3.760000E+00
3.729000E+00
3.770000E+00
3.769000E+00
3.775000E+00
3.807000E+00
3.734000E+00
3.525000E+00
3.363000E+00
3.224000E+00
2.965000E+00
2.770000E+00
2.700000E+00
2.587000E+00
2.534000E+00
2.514000E+00
2.384000E+00
2.118000E+00
1.977000E+00
1.899000E+00
1.908000E+00
1.787000E+00
1.900000E+00
2.415000E+00
5.850000E+01
3.277000E+01
3.213000E+01
2.935000E+01
2.008000E+01
1.704000E+01
1.257000E+01
8.269000E+00
6.124000E+00
4.609000E+00
4.042000E+00
3.663000E+00
3.458000E+00
3.088000E+00
3.134000E+00
3.031000E+00
3.223000E+00
3.163000E+00
3.442000E+00
3.719000E+00
3.897000E+00
4.086000E+00
4.090000E+00
4.150000E+00
4.476000E+00
4.611000E+00
5.030000E+00
4.996000E+00
4.707000E+00
4.623000E+00
4.632000E+00
4.568000E+00
4.684000E+00
3.681000E+02
4.141000E+02
1.738000E+02
7.399000E+01
3.666000E+01
2.048000E+01
1.367000E+01
1.003000E+01
9.516000E+00
8.226000E+00
7.345000E+00
6.741000E+00
6.740000E+00
6.835000E+00
6.848000E+00
6.921000E+00
7.195000E+00
7.338000E+00
7.716000E+00
7.701000E+00
7.696000E+00
7.720000E+00
7.811000E+00
7.846000E+00
7.830000E+00
7.945000E+00
7.966000E+00
7.891000E+00
7.971000E+00
8.048000E+00
8.172000E+00
8.140000E+00
8.050000E+00
7.546000E+00
7.409000E+00
7.870000E+00
7.530000E+00
7.152000E+00
6.812000E+00
6.746000E+00
6.183000E+00
6.164000E+00
6.093000E+00
6.215000E+00
4.545000E+02
5.263000E+02
7.793000E+02
6.877000E+02
6.585000E+02
3.167000E+02
4.879000E+02
3.422000E+02
1.574000E+02
7.586000E+01
5.829000E+01
5.844000E+02
1.222000E+03
1.222000E+03
1.668000E+03
1.307000E+03
3.850000E+02
1.415000E+02
6.943000E+01
4.560000E+01
3.766000E+01
4.784000E+02
2.253000E+02
1.105000E+02
6.962000E+01
5.462000E+01
4.969000E+01
4.868000E+01
4.912000E+01
5.085000E+01
5.180000E+01
5.367000E+01
5.504000E+01
5.657000E+01
5.791000E+01
5.848000E+01
5.880000E+01
5.938000E+01
6.008000E+01
6.018000E+01
6.056000E+01
6.192000E+01
1.461000E+02
8.619000E+01
6.807000E+01
8.113000E+01
7.332000E+01
6.470000E+01
6.127000E+01
5.897000E+01
5.802000E+01
7.023000E+01
6.844000E+01
1.020000E+02
6.860000E+01
1.629000E+02
9.954000E+01
2.587000E+02
3.559000E+02
3.364000E+02
2.257000E+02
1.150000E+02
7.349000E+01
5.927000E+01
5.349000E+01
5.083000E+01
4.967000E+01
4.871000E+01
4.799000E+01
1.640000E+02
1.778000E+02
4.712000E+02
3.426000E+02
1.789000E+02
1.118000E+02
3.108000E+02
8.585000E+02
4.465000E+02
4.062000E+02
2.028000E+02
4.875000E+02
2.862000E+02
1.491000E+02
9.202000E+01
6.923000E+01
6.085000E+01
5.775000E+01
5.702000E+01
5.664000E+01
7.343000E+01
1.313000E+02
9.769000E+01
8.324000E+01
7.337000E+01
6.736000E+01
7.279000E+01
9.553000E+01
7.891000E+01
7.014000E+01
1.038000E+02
1.773000E+02
1.420000E+02
1.017000E+02
7.993000E+01
6.975000E+01
6.574000E+01
6.393000E+01
6.315000E+01
6.268000E+01
6.243000E+01
8.416000E+01
7.322000E+01
6.586000E+01
6.283000E+01
6.268000E+02
2.971000E+02
1.464000E+02
9.090000E+01
7.002000E+01
6.229000E+01
5.907000E+01
2.171000E+02
2.549000E+02
3.712000E+02
2.311000E+02
1.274000E+02
1.157000E+02
1.016000E+02
1.089000E+02
7.644000E+01
6.272000E+01
6.000000E+01
6.357000E+01
7.387000E+01
7.110000E+01
6.448000E+01
6.032000E+01
5.909000E+01
9.990000E+01
9.082000E+01
8.302000E+01
7.249000E+01
6.458000E+01
5.970000E+01
5.750000E+01
5.601000E+01
5.523000E+01
5.477000E+01
5.402000E+01
5.344000E+01
5.260000E+01
7.587000E+01
1.154000E+02
8.889000E+01
6.706000E+01
5.641000E+01
5.120000E+01
4.803000E+01
4.597000E+01
4.445000E+01
4.279000E+01
4.083000E+01
3.879000E+01
1.163000E+02
8.976000E+02
5.092000E+02
1.904000E+02
1.006000E+02
6.466000E+01
4.834000E+01
4.151000E+01
3.822000E+01
3.726000E+01
3.687000E+01
3.681000E+01
3.687000E+01
3.697000E+01
3.732000E+01
3.734000E+01
3.763000E+01
3.761000E+01
3.731000E+01
3.693000E+01
3.669000E+01
3.569000E+01
3.514000E+01
3.439000E+01
3.583000E+01
3.554000E+01
3.407000E+01
3.257000E+01
1.415000E+03
1.502000E+03
4.925000E+02
1.852000E+02
8.965000E+01
5.594000E+01
4.250000E+01
3.761000E+01
3.553000E+01
1.855000E+02
8.705000E+02
3.350000E+02
1.404000E+02
7.603000E+01
5.330000E+01
4.509000E+01
4.191000E+01
4.132000E+01
4.129000E+01
4.177000E+01
4.187000E+01
4.243000E+01
4.319000E+01
4.398000E+01
4.431000E+01
4.423000E+01
4.465000E+01
4.492000E+01
4.485000E+01
4.510000E+01
4.500000E+01
4.490000E+01
4.458000E+01
4.453000E+01
4.415000E+01
4.391000E+01
4.354000E+01
4.316000E+01
4.268000E+01
4.248000E+01
4.192000E+01
4.187000E+01
4.085000E+01
4.007000E+01
3.916000E+01
3.849000E+01
3.791000E+01
3.731000E+01
3.604000E+01
3.524000E+01
3.420000E+01
3.355000E+01
3.296000E+01
3.256000E+01
3.151000E+01
3.011000E+01
2.879000E+01
3.422000E+01
8.028000E+01
5.910000E+01
4.131000E+01
3.106000E+01
2.593000E+01
2.279000E+01
2.084000E+01
2.586000E+01
2.177000E+01
3.159000E+01
1.523000E+02
9.135000E+01
5.144000E+01
3.315000E+01
2.518000E+01
2.153000E+01
5.986000E+01
2.257000E+02
1.197000E+02
9.872000E+01
5.127000E+01
4.236000E+01
3.574000E+01
3.142000E+01
2.911000E+01
2.770000E+01
2.757000E+01
2.823000E+01
2.997000E+01
3.073000E+01
3.174000E+01
3.279000E+01
1.855000E+02
1.258000E+02
7.598000E+01
5.314000E+01
4.372000E+01
4.033000E+01
3.923000E+01
3.917000E+01
3.926000E+01
3.995000E+01
4.037000E+01
4.085000E+01
4.116000E+01
4.152000E+01
4.157000E+01
4.165000E+01
6.507000E+01
7.657000E+01
1.857000E+02
1.318000E+02
8.287000E+01
1.608000E+03
6.103000E+02
2.330000E+02
1.129000E+02
7.242000E+01
5.683000E+01
1.130000E+02
6.548000E+02
1.091000E+03
4.429000E+02
2.752000E+02
1.424000E+02
9.149000E+01
7.117000E+01
6.753000E+01
7.604000E+01
7.133000E+01
6.718000E+01
6.592000E+01
6.641000E+01
6.706000E+01
6.815000E+01
6.925000E+01
7.123000E+01
7.175000E+01
7.284000E+01
7.341000E+01
7.373000E+01
7.404000E+01
7.440000E+01
7.501000E+01
7.547000E+01
7.613000E+01
7.614000E+01
7.581000E+01
7.587000E+01
7.541000E+01
7.514000E+01
7.591000E+01
9.135000E+01
8.596000E+01
1.107000E+03
5.314000E+02
2.294000E+02
1.278000E+02
1.869000E+02
2.995000E+02
1.957000E+02
3.454000E+02
3.388000E+02
4.470000E+02
2.361000E+02
1.404000E+02
1.669000E+02
1.095000E+02
8.630000E+01
1.046000E+02
1.062000E+02
7.931000E+02
4.297000E+02
3.987000E+02
2.248000E+02
1.492000E+02
1.119000E+02
5.675000E+02
7.738000E+02
3.024000E+02
1.714000E+02
2.330000E+02
1.596000E+02
1.148000E+02
9.719000E+01
1.025000E+02
9.553000E+02
6.982000E+02
2.924000E+02
2.544000E+02
1.703000E+02
1.427000E+02
1.190000E+02
2.083000E+02
1.635000E+02
3.780000E+02
2.211000E+02
1.447000E+02
1.162000E+02
1.054000E+02
1.020000E+02
1.011000E+02
1.023000E+02
5.585000E+02
1.724000E+02
1.134000E+02
2.505000E+02
2.341000E+02
1.545000E+02
1.195000E+02
1.064000E+02
1.016000E+02
1.288000E+02
1.083000E+02
9.995000E+01
9.755000E+01
1.079000E+02
1.040000E+02
1.188000E+02
1.070000E+02
9.597000E+01
9.125000E+01
1.041000E+02
3.841000E+02
2.324000E+02
1.437000E+02
1.096000E+02
9.218000E+01
3.749000E+02
8.965000E+02
9.159000E+02
8.699000E+02
7.586000E+02
3.537000E+02
1.787000E+02
1.168000E+02
9.443000E+01
8.673000E+01
8.362000E+01
8.270000E+01
8.229000E+01
8.231000E+01
8.442000E+01
9.795000E+01
9.272000E+01
8.683000E+01
8.448000E+01
8.386000E+01
8.367000E+01
8.343000E+01
8.331000E+01
8.303000E+01
8.768000E+01
8.665000E+01
9.465000E+01
9.307000E+01
1.038000E+02
9.217000E+01
8.478000E+01
1.289000E+02
1.427000E+02
1.705000E+02
1.248000E+02
1.380000E+02
1.010000E+02
8.462000E+01
8.462000E+01
7.969000E+01
7.592000E+01
7.298000E+01
7.162000E+01
1.147000E+03
1.127000E+03
4.715000E+02
2.349000E+02
1.331000E+02
9.314000E+01
7.709000E+01
1.248000E+02
1.694000E+02
1.109000E+02
8.537000E+01
7.179000E+01
6.630000E+01
6.622000E+01
6.418000E+01
1.524000E+02
1.202000E+02
1.262000E+02
1.054000E+02
1.873000E+02
1.241000E+02
8.588000E+01
7.536000E+01
6.631000E+01
6.046000E+01
5.743000E+01
5.621000E+01
5.671000E+01
5.714000E+01
5.358000E+01
6.176000E+01
2.678000E+02
1.767000E+02
1.017000E+02
6.864000E+01
7.458000E+01
5.918000E+01
5.050000E+01
1.190000E+02
1.132000E+02
7.495000E+01
5.398000E+01
4.623000E+01
4.248000E+01
4.045000E+01
3.918000E+01
3.793000E+01
3.786000E+01
3.777000E+01
3.709000E+01
9.767000E+01
8.413000E+01
7.616000E+01
5.280000E+01
4.038000E+01
3.386000E+01
3.052000E+01
2.882000E+01
2.764000E+01
2.723000E+01
2.621000E+01
2.491000E+01
2.472000E+01
2.414000E+01
2.340000E+01
2.268000E+01
2.246000E+01
2.137000E+01
2.033000E+01
1.916000E+01
1.854000E+01
1.793000E+01
1.768000E+01
1.699000E+01
1.649000E+01
1.650000E+01
1.602000E+01
1.565000E+01
1.470000E+01
1.405000E+01
1.356000E+01
1.304000E+01
1.273000E+01
1.266000E+01
1.225000E+01
1.207000E+01
1.198000E+01
1.633000E+02
1.723000E+02
8.355000E+01
4.246000E+01
2.489000E+01
1.830000E+01
1.451000E+01
1.243000E+01
1.078000E+01
1.036000E+01
9.871000E+00
9.651000E+00
1.069000E+02
7.958000E+01
4.553000E+01
2.674000E+01
1.741000E+01
1.277000E+01
1.788000E+01
1.672000E+01
1.419000E+01
1.168000E+01
1.006000E+01
9.774000E+00
9.252000E+01
6.401000E+01
3.620000E+01
8.984000E+01
1.454000E+02
1.302000E+02
1.436000E+03
8.864000E+02
8.399000E+02
4.961000E+02
2.028000E+02
9.080000E+01
2.219000E+02
1.136000E+02
6.336000E+01
4.291000E+01
3.624000E+01
3.406000E+01
3.664000E+01
3.880000E+01
3.984000E+01
4.080000E+01
4.187000E+01
4.388000E+01
4.506000E+01
7.848000E+01
6.712000E+01
5.892000E+01
5.511000E+01
5.553000E+01
5.516000E+01
5.561000E+01
5.642000E+01
5.677000E+01
6.594000E+01
2.120000E+02
1.465000E+02
1.179000E+02
8.636000E+01
7.213000E+01
6.609000E+01
6.396000E+01
6.371000E+01
6.371000E+01
6.410000E+01
6.437000E+01
6.454000E+01
6.461000E+01
6.464000E+01
6.476000E+01
6.473000E+01
6.463000E+01
6.447000E+01
6.429000E+01
6.402000E+01
6.374000E+01
6.331000E+01
6.300000E+01
6.274000E+01
6.242000E+01
6.148000E+01
6.088000E+01
6.037000E+01
5.949000E+01
5.912000E+01
5.817000E+01
5.754000E+01
5.692000E+01
5.582000E+01
5.487000E+01
5.423000E+01
5.328000E+01
5.243000E+01
5.183000E+01
5.242000E+01
6.675000E+01
5.596000E+01
5.697000E+01
5.172000E+01
4.842000E+01
4.654000E+01
4.527000E+01
4.448000E+01
4.362000E+01
4.231000E+01
4.150000E+01
4.098000E+01
3.995000E+01
3.907000E+01
3.827000E+01
3.800000E+01
3.669000E+01
3.559000E+01
3.535000E+01
3.430000E+01
3.332000E+01
1.725000E+02
1.109000E+02
6.470000E+01
9.772000E+01
5.804000E+01
4.014000E+01
3.241000E+01
2.925000E+01
2.785000E+01
2.663000E+01
2.590000E+01
2.491000E+01
2.457000E+01
2.393000E+01
2.344000E+01
2.277000E+01
3.550000E+01
2.978000E+01
2.378000E+01
2.019000E+01
1.815000E+01
6.006000E+01
5.462000E+01
3.657000E+01
2.386000E+01
2.573000E+01
2.100000E+01
1.514000E+01
9.245000E+02
3.929000E+02
2.542000E+02
1.147000E+02
2.994000E+02
1.314000E+02
1.930000E+02
1.156000E+02
3.678000E+02
4.212000E+02
3.226000E+02
1.059000E+02
4.906000E+01
1.709000E+02
1.981000E+02
1.254000E+02
9.044000E+01
5.376000E+01
4.119000E+01
3.704000E+01
3.611000E+01
3.735000E+01
3.871000E+01
4.142000E+01
1.828000E+02
2.814000E+02
2.994000E+02
1.404000E+02
8.358000E+01
3.974000E+02
5.097000E+02
2.435000E+02
1.222000E+02
8.069000E+01
1.643000E+02
4.914000E+02
2.238000E+02
1.209000E+02
5.659000E+02
6.402000E+02
2.885000E+02
1.491000E+02
1.022000E+02
8.972000E+01
4.766000E+02
6.993000E+02
2.979000E+02
1.536000E+02
1.050000E+02
1.020000E+02
6.547000E+02
1.616000E+03
6.786000E+02
6.060000E+02
1.092000E+03
1.367000E+03
1.656000E+03
5.283000E+02
2.255000E+02
1.393000E+02
4.059000E+02
3.838000E+02
2.255000E+02
1.515000E+02
1.269000E+02
1.473000E+02
1.280000E+02
1.177000E+02
1.142000E+02
1.190000E+02
8.675000E+02
8.891000E+02
3.962000E+02
2.303000E+02
2.782000E+02
6.197000E+02
5.240000E+02
7.082000E+02
3.291000E+02
1.939000E+02
1.496000E+02
2.779000E+02
1.805000E+02
1.438000E+02
1.331000E+02
1.841000E+02
1.477000E+02
1.355000E+02
2.728000E+02
2.146000E+02
4.986000E+02
3.070000E+02
1.935000E+02
1.513000E+02
1.374000E+02
1.336000E+02
1.323000E+02
1.646000E+02
1.524000E+02
1.399000E+02
1.338000E+02
1.315000E+02
1.333000E+02
2.894000E+02
1.749000E+02
1.401000E+02
1.301000E+02
1.270000E+02
1.260000E+02
1.489000E+03
1.412000E+03
6.499000E+02
3.263000E+02
5.412000E+02
2.497000E+02
2.294000E+02
1.151000E+03
4.506000E+02
2.228000E+02
1.532000E+02
2.177000E+02
1.504000E+02
1.890000E+02
1.558000E+02
1.435000E+02
1.289000E+02
1.215000E+02
1.184000E+02
1.174000E+02
2.477000E+02
1.658000E+02
1.301000E+02
1.187000E+02
1.148000E+02
1.134000E+02
1.118000E+02
1.113000E+02
4.256000E+02
2.465000E+02
1.571000E+02
1.422000E+02
2.439000E+02
1.738000E+02
7.201000E+02
5.528000E+02
2.740000E+02
1.684000E+02
5.037000E+02
2.267000E+02
4.746000E+02
2.772000E+02
2.326000E+02
2.087000E+02
1.400000E+02
1.140000E+02
1.045000E+02
9.610000E+02
5.892000E+02
2.968000E+02
1.770000E+02
1.298000E+02
1.141000E+02
1.083000E+02
1.029000E+02
1.006000E+02
1.004000E+02
1.062000E+02
1.033000E+02
1.002000E+02
9.877000E+01
1.021000E+02
4.395000E+02
1.977000E+02
1.221000E+02
1.020000E+02
9.610000E+01
9.442000E+01
9.339000E+01
9.230000E+01
9.202000E+01
4.784000E+02
4.866000E+02
2.342000E+02
1.402000E+02
1.062000E+02
9.439000E+01
8.888000E+01
8.674000E+01
8.475000E+01
8.347000E+01
8.215000E+01
8.014000E+01
7.917000E+01
7.797000E+01
7.685000E+01
7.502000E+01
7.398000E+01
8.306000E+01
7.679000E+01
7.152000E+01
6.790000E+01
6.519000E+01
6.324000E+01
6.132000E+01
6.010000E+01
5.896000E+01
5.758000E+01
5.576000E+01
5.414000E+01
5.246000E+01
5.027000E+01
4.823000E+01
4.591000E+01
4.411000E+01
4.245000E+01
4.099000E+01
3.901000E+01
3.645000E+01
3.328000E+01
3.052000E+01
2.820000E+01
2.683000E+01
2.629000E+01
2.559000E+01
2.476000E+01
2.419000E+01
2.293000E+01
2.163000E+01
2.085000E+01
2.066000E+01
2.046000E+01
2.392000E+01
2.230000E+01
2.095000E+01
2.012000E+01
1.872000E+01
1.755000E+01
1.670000E+01
1.577000E+01
1.548000E+01
1.515000E+01
1.451000E+01
1.407000E+01
2.552000E+01
1.975000E+01
1.593000E+01
1.448000E+01
1.331000E+01
1.246000E+01
1.174000E+01
1.143000E+01
1.092000E+01
1.035000E+01
1.013000E+01
9.787000E+00
9.668000E+00
9.325000E+00
9.242000E+00
8.932000E+00
8.479000E+00
8.476000E+00
8.432000E+00
9.528000E+00
3.633000E+01
1.223000E+03
1.880000E+03
1.023000E+03
3.262000E+02
1.249000E+02
5.940000E+01
3.428000E+01
2.421000E+01
1.963000E+01
1.804000E+01
1.795000E+01
1.820000E+01
1.894000E+01
1.978000E+01
2.090000E+01
2.150000E+01
2.275000E+01
2.367000E+01
2.411000E+01
2.517000E+01
2.586000E+01
2.639000E+01
2.711000E+01
2.808000E+01
2.890000E+01
2.927000E+01
2.930000E+01
2.943000E+01
2.970000E+01
3.008000E+01
3.007000E+01
3.007000E+01
3.006000E+01
3.000000E+01
2.994000E+01
2.990000E+01
2.975000E+01
2.957000E+01
2.944000E+01
2.935000E+01
2.925000E+01
2.907000E+01
2.881000E+01
2.852000E+01
2.823000E+01
2.773000E+01
2.725000E+01
2.720000E+01
2.652000E+01
2.630000E+01
2.575000E+01
2.554000E+01
2.560000E+01
2.500000E+01
2.473000E+01
1.729000E+02
3.208000E+02
1.443000E+02
7.072000E+01
4.583000E+01
3.257000E+01
2.712000E+01
2.435000E+01
2.334000E+01
2.260000E+01
2.243000E+01
2.221000E+01
2.187000E+01
2.120000E+01
2.092000E+01
2.087000E+01
2.041000E+01
2.522000E+02
1.328000E+02
6.651000E+01
3.926000E+01
2.941000E+01
2.416000E+01
2.180000E+01
2.095000E+01
2.041000E+01
2.428000E+01
2.342000E+01
2.634000E+01
2.688000E+01
3.280000E+02
4.824000E+02
2.005000E+02
8.936000E+01
4.975000E+01
1.302000E+02
7.985000E+01
4.942000E+01
3.546000E+01
2.969000E+01
2.754000E+01
2.756000E+01
2.782000E+01
2.838000E+01
2.847000E+01
2.935000E+01
2.992000E+01
3.075000E+01
4.515000E+01
5.270000E+01
4.168000E+02
5.179000E+02
3.131000E+02
1.807000E+02
9.356000E+01
5.983000E+01
4.749000E+01
4.665000E+01
4.329000E+01
1.119000E+02
7.380000E+01
5.575000E+01
4.899000E+01
4.603000E+01
4.580000E+01
4.597000E+01
4.645000E+01
4.684000E+01
4.711000E+01
4.722000E+01
4.729000E+01
4.781000E+01
4.851000E+01
5.815000E+01
5.742000E+01
5.396000E+01
7.707000E+01
9.558000E+01
7.216000E+01
5.876000E+01
5.681000E+01
1.312000E+02
8.077000E+01
5.883000E+01
5.064000E+01
4.964000E+02
3.507000E+02
1.895000E+02
1.257000E+02
7.301000E+02
2.569000E+02
1.432000E+02
2.792000E+02
1.436000E+02
1.254000E+02
1.330000E+03
5.841000E+02
3.893000E+02
1.905000E+02
2.620000E+02
3.568000E+02
1.873000E+02
1.311000E+03
2.553000E+03
9.298000E+02
3.054000E+02
2.014000E+02
6.326000E+02
3.020000E+02
2.334000E+02
2.740000E+02
1.839000E+02
1.185000E+02
9.258000E+01
9.505000E+01
1.844000E+02
1.810000E+02
9.263000E+02
4.707000E+02
2.262000E+02
1.674000E+02
1.247000E+02
1.250000E+02
1.128000E+02
1.031000E+02
9.896000E+01
9.783000E+01
9.865000E+01
1.587000E+02
1.370000E+02
1.450000E+02
1.686000E+02
3.022000E+02
2.173000E+02
1.972000E+02
6.821000E+02
7.720000E+02
3.612000E+02
1.878000E+02
1.337000E+02
1.647000E+02
1.493000E+02
1.844000E+02
1.613000E+02
1.250000E+02
1.132000E+02
1.097000E+02
1.090000E+02
5.671000E+02
2.950000E+02
1.778000E+02
2.852000E+02
2.006000E+02
1.439000E+02
1.438000E+02
1.205000E+02
1.150000E+02
1.112000E+02
1.082000E+02
1.067000E+02
1.065000E+02
1.622000E+02
1.243000E+02
1.272000E+02
1.128000E+02
1.697000E+02
7.945000E+02
3.562000E+02
2.133000E+02
1.365000E+02
1.125000E+02
1.056000E+02
9.898000E+01
9.594000E+01
9.451000E+01
9.332000E+01
9.414000E+01
9.228000E+01
9.102000E+01
2.104000E+02
1.175000E+02
1.054000E+02
1.364000E+02
1.174000E+02
9.936000E+01
3.329000E+02
4.642000E+02
2.504000E+02
1.442000E+02
1.030000E+02
8.769000E+01
8.126000E+01
1.651000E+03
8.935000E+02
3.329000E+02
1.665000E+02
1.102000E+02
8.900000E+01
8.084000E+01
7.745000E+01
7.579000E+01
7.881000E+01
1.061000E+02
9.456000E+01
8.229000E+01
7.655000E+01
7.341000E+01
7.268000E+01
7.099000E+01
1.090000E+02
8.424000E+01
7.316000E+01
6.897000E+01
6.689000E+01
6.479000E+01
6.315000E+01
6.175000E+01
5.969000E+01
6.154000E+01
5.770000E+01
6.338000E+01
5.342000E+01
4.865000E+01
4.588000E+01
4.441000E+01
4.275000E+01
4.128000E+01
3.851000E+01
3.675000E+01
3.483000E+01
3.339000E+01
3.187000E+01
3.072000E+01
2.903000E+01
2.778000E+01
2.749000E+01
2.649000E+01
2.585000E+01
2.430000E+01
2.294000E+01
2.180000E+01
2.084000E+01
2.043000E+01
1.935000E+01
1.890000E+01
1.790000E+01
1.716000E+01
1.656000E+01
1.642000E+01
1.612000E+01
1.574000E+01
1.520000E+01
1.472000E+01
1.415000E+01
1.379000E+01
1.341000E+01
1.322000E+01
1.317000E+01
1.330000E+01
1.260000E+01
1.263000E+01
1.230000E+01
1.151000E+01
1.092000E+01
1.032000E+01
1.030000E+01
9.874000E+00
9.833000E+00
9.588000E+00
9.337000E+00
9.440000E+00
9.598000E+00
7.839000E+01
6.598000E+01
4.563000E+01
2.868000E+01
2.205000E+01
1.573000E+01
1.249000E+01
1.050000E+01
9.016000E+00
7.756000E+00
7.028000E+00
6.550000E+00
6.529000E+00
6.411000E+00
6.203000E+00
5.828000E+00
5.532000E+00
5.128000E+00
5.037000E+00
4.975000E+00
4.932000E+00
4.886000E+00
4.810000E+00
2.497000E+01
1.458000E+01
8.900000E+00
3.886000E+02
1.844000E+02
7.878000E+01
3.760000E+01
2.047000E+01
1.245000E+01
8.450000E+00
6.313000E+00
5.108000E+00
4.516000E+00
3.910000E+00
3.758000E+00
3.543000E+00
3.325000E+00
3.201000E+00
3.231000E+00
3.257000E+00
3.154000E+00
3.040000E+00
2.935000E+00
3.006000E+00
3.046000E+00
2.893000E+00
9.673000E+00
1.422000E+01
1.089000E+01
8.012000E+00
5.752000E+00
4.532000E+00
3.549000E+00
3.235000E+00
3.028000E+00
2.878000E+00
2.660000E+00
2.588000E+00
2.519000E+00
2.499000E+00
2.406000E+00
2.371000E+00
5.330000E+00
1.116000E+03
4.362000E+02
1.514000E+02
6.165000E+01
2.968000E+01
1.642000E+01
1.025000E+01
7.378000E+00
6.182000E+00
5.449000E+00
5.393000E+00
5.544000E+00
5.842000E+00
6.553000E+00
7.018000E+00
7.405000E+00
7.757000E+00
8.136000E+00
8.306000E+00
8.688000E+00
9.143000E+00
9.257000E+00
9.641000E+00
1.003000E+01
1.009000E+01
1.012000E+01
1.028000E+01
1.022000E+01
1.036000E+01
1.040000E+01
1.061000E+01
1.053000E+01
1.040000E+01
1.050000E+01
1.806000E+01
1.939000E+01
1.682000E+01
2.011000E+01
1.886000E+01
1.566000E+01
9.252000E+01
7.349000E+01
1.064000E+02
6.387000E+01
3.621000E+01
2.269000E+01
1.624000E+01
1.317000E+01
1.196000E+01
1.125000E+01
3.930000E+01
4.060000E+01
3.946000E+01
2.686000E+01
1.966000E+01
1.579000E+01
2.668000E+01
2.480000E+01
2.889000E+01
2.335000E+01
1.936000E+01
1.701000E+01
1.616000E+01
1.595000E+01
1.567000E+01
1.592000E+01
1.590000E+01
1.630000E+01
1.655000E+01
1.668000E+01
2.718000E+01
2.933000E+01
2.666000E+01
4.156000E+01
3.006000E+01
2.358000E+01
2.058000E+01
1.938000E+01
1.890000E+01
1.865000E+01
1.859000E+01
1.833000E+01
1.782000E+01
1.762000E+01
1.727000E+01
1.786000E+01
2.037000E+01
1.210000E+02
1.745000E+03
7.002000E+02
2.198000E+02
1.094000E+02
5.689000E+01
3.399000E+01
2.367000E+01
1.941000E+01
1.813000E+01
1.187000E+02
4.579000E+02
1.861000E+02
8.112000E+01
4.370000E+01
2.858000E+01
2.260000E+01
1.965000E+01
1.801000E+01
2.600000E+02
1.291000E+02
3.576000E+02
2.001000E+02
3.604000E+02
1.542000E+02
9.971000E+02
6.055000E+02
2.664000E+02
1.474000E+02
9.290000E+02
1.073000E+03
4.091000E+02
2.539000E+02
1.201000E+02
6.741000E+01
4.732000E+01
4.142000E+01
4.241000E+01
8.133000E+01
1.464000E+02
1.571000E+03
1.055000E+03
5.248000E+02
5.855000E+02
5.808000E+02
2.491000E+02
1.214000E+03
1.302000E+03
8.359000E+02
3.250000E+02
1.441000E+02
7.382000E+02
4.038000E+02
7.051000E+02
2.602000E+02
1.743000E+02
1.341000E+02
1.140000E+02
1.678000E+02
1.189000E+02
1.009000E+02
1.437000E+02
1.430000E+02
4.840000E+02
1.256000E+03
5.325000E+02
2.544000E+02
1.562000E+02
1.256000E+02
1.165000E+02
1.139000E+02
1.424000E+02
1.330000E+02
1.238000E+02
3.825000E+02
3.018000E+02
2.097000E+02
1.711000E+02
1.431000E+02
1.301000E+02
1.238000E+02
1.221000E+02
1.210000E+02
1.208000E+02
1.614000E+02
1.446000E+02
1.659000E+02
7.018000E+02
2.963000E+02
1.740000E+02
1.369000E+02
3.515000E+02
2.269000E+02
1.592000E+02
1.314000E+02
1.195000E+02
1.157000E+02
1.126000E+02
1.119000E+02
1.546000E+02
1.475000E+02
1.535000E+02
7.828000E+02
1.502000E+03
6.751000E+02
9.786000E+02
9.944000E+02
4.674000E+02
2.372000E+02
1.836000E+02
1.772000E+02
1.543000E+02
1.353000E+02
1.136000E+02
1.081000E+02
1.068000E+02
1.067000E+02
1.068000E+02
1.071000E+02
1.076000E+02
1.067000E+02
1.668000E+02
5.834000E+02
3.931000E+02
2.233000E+02
2.119000E+02
4.260000E+02
2.792000E+02
1.730000E+02
1.758000E+02
3.640000E+02
2.195000E+02
2.514000E+02
2.634000E+02
1.619000E+02
1.255000E+02
1.142000E+02
1.108000E+02
1.087000E+02
1.085000E+02
1.111000E+02
1.135000E+02
1.455000E+02
1.615000E+02
5.896000E+02
1.278000E+03
5.092000E+02
2.432000E+02
1.527000E+02
1.231000E+02
3.590000E+02
2.180000E+02
1.461000E+02
1.203000E+02
1.113000E+02
1.079000E+02
1.066000E+02
1.064000E+02
1.058000E+02
1.051000E+02
1.041000E+02
1.037000E+02
1.032000E+02
3.146000E+02
8.938000E+02
4.570000E+02
2.712000E+02
1.535000E+02
1.167000E+02
1.077000E+02
1.010000E+02
9.846000E+01
9.559000E+01
4.355000E+02
4.714000E+02
2.406000E+02
1.441000E+02
1.103000E+02
1.273000E+02
1.054000E+02
1.468000E+02
2.449000E+02
1.600000E+02
1.160000E+02
9.801000E+01
9.185000E+01
8.854000E+01
8.723000E+01
8.651000E+01
8.551000E+01
8.506000E+01
8.419000E+01
8.325000E+01
8.289000E+01
8.201000E+01
8.163000E+01
8.019000E+01
7.920000E+01
7.793000E+01
7.715000E+01
7.504000E+01
7.365000E+01
7.286000E+01
7.046000E+01
6.889000E+01
6.782000E+01
6.692000E+01
6.414000E+01
6.313000E+01
6.123000E+01
5.912000E+01
5.775000E+01
5.566000E+01
5.369000E+01
5.136000E+01
4.979000E+01
4.754000E+01
4.568000E+01
2.278000E+02
1.436000E+02
8.479000E+01
5.680000E+01
4.340000E+01
3.649000E+01
3.287000E+01
3.027000E+01
2.970000E+01
2.860000E+01
2.741000E+01
2.663000E+01
2.562000E+01
2.480000E+01
2.413000E+01
2.321000E+01
2.283000E+01
2.244000E+01
2.182000E+01
2.096000E+01
2.160000E+01
2.085000E+01
7.022000E+02
2.883000E+02
1.198000E+02
1.779000E+02
2.534000E+03
9.309000E+02
2.884000E+02
1.168000E+02
2.800000E+02
1.619000E+02
8.535000E+01
5.190000E+01
3.810000E+01
3.330000E+01
3.133000E+01
3.132000E+01
3.203000E+01
3.320000E+01
3.364000E+01
3.911000E+01
3.791000E+01
1.889000E+02
1.169000E+02
7.286000E+01
5.534000E+01
4.682000E+01
4.334000E+01
